 — — — — — — — — — — — — — — — — — — — — — -
Episode number 0 in 1 steps
Reward: -1

[[0 0 0 0 0 0 0 0 0]
 [0 0 0 0 0 0 0 2 0]
 [0 0 0 0 0 2 0 0 0]
 [0 0 0 0 3 0 0 0 0]
 [0 0 0 1 3 3 0 0 0]
 [0 0 3 0 3 0 0 0 3]
 [0 0 0 0 0 0 0 0 0]
 [0 3 0 0 0 0 2 2 2]
 [0 0 2 0 0 3 0 2 2]]
 — — — — — — — — — — — — — — — — — — — — — -
Episode number 0 in 2 steps
Reward: -1

[[0 0 0 0 0 0 0 0 0]
 [0 0 0 0 0 0 0 2 0]
 [0 0 0 0 0 2 0 0 0]
 [0 0 0 0 3 0 0 0 0]
 [0 0 1 3 3 3 0 0 0]
 [0 0 3 0 3 0 0 0 3]
 [0 0 0 0 0 0 0 0 0]
 [0 3 0 0 0 0 2 2 2]
 [0 0 2 0 0 3 0 2 2]]
 — — — — — — — — — — — — — — — — — — — — — -
Episode number 0 in 3 steps
Reward: -1

[[0 0 0 0 0 0 0 0 0]
 [0 0 0 0 0 0 0 2 0]
 [0 0 0 0 0 2 0 0 0]
 [0 0 1 0 3 0 0 0 0]
 [0 0 3 3 3 3 0 0 0]
 [0 0 3 0 3 0 0 0 3]
 [0 0 0 0 0 0 0 0 0]
 [0 3 0 0 0 0 2 2 2]
 [0 0 2 0 0 3 0 2 2]]
 — — — — — — — — — — — — — — — — — — — — — -
Episode number 0 in 4 steps
Reward: -1

[[0 0 0 0 0 0 0 0 0]
 [0 0 0 0 0 0 0 2 0]
 [0 0 1 0 0 2 0 0 0]
 [0 0 3 0 3 0 0 0 0]
 [0 0 3 3 3 3 0 0 0]
 [0 0 3 0 3 0 0 0 3]
 [0 0 0 0 0 0 0 0 0]
 [0 3 0 0 0 0 2 2 2]
 [0 0 2 0 0 3 0 2 2]]
 — — — — — — — — — — — — — — — — — — — — — -
Episode number 0 in 5 steps
Reward: -1

[[0 0 0 0 0 0 0 0 0]
 [0 0 1 0 0 0 0 2 0]
 [0 0 3 0 0 2 0 0 0]
 [0 0 3 0 3 0 0 0 0]
 [0 0 3 3 3 3 0 0 0]
 [0 0 3 0 3 0 0 0 3]
 [0 0 0 0 0 0 0 0 0]
 [0 3 0 0 0 0 2 2 2]
 [0 0 2 0 0 3 0 2 2]]
 — — — — — — — — — — — — — — — — — — — — — -
Episode number 0 in 6 steps
Reward: -1

[[0 0 0 0 0 0 0 0 0]
 [0 0 3 1 0 0 0 2 0]
 [0 0 3 0 0 2 0 0 0]
 [0 0 3 0 3 0 0 0 0]
 [0 0 3 3 3 3 0 0 0]
 [0 0 3 0 3 0 0 0 3]
 [0 0 0 0 0 0 0 0 0]
 [0 3 0 0 0 0 2 2 2]
 [0 0 2 0 0 3 0 2 2]]
 — — — — — — — — — — — — — — — — — — — — — -
Episode number 0 in 7 steps
Reward: -1

[[0 0 0 0 0 0 0 0 0]
 [0 0 3 3 1 0 0 2 0]
 [0 0 3 0 0 2 0 0 0]
 [0 0 3 0 3 0 0 0 0]
 [0 0 3 3 3 3 0 0 0]
 [0 0 3 0 3 0 0 0 3]
 [0 0 0 0 0 0 0 0 0]
 [0 3 0 0 0 0 2 2 2]
 [0 0 2 0 0 3 0 2 2]]
 — — — — — — — — — — — — — — — — — — — — — -
Episode number 0 in 8 steps
Reward: -1

[[0 0 0 0 0 0 0 0 0]
 [0 0 3 3 3 1 0 2 0]
 [0 0 3 0 0 2 0 0 0]
 [0 0 3 0 3 0 0 0 0]
 [0 0 3 3 3 3 0 0 0]
 [0 0 3 0 3 0 0 0 3]
 [0 0 0 0 0 0 0 0 0]
 [0 3 0 0 0 0 2 2 2]
 [0 0 2 0 0 3 0 2 2]]
 — — — — — — — — — — — — — — — — — — — — — -
Episode number 0 in 9 steps
Reward: -1

[[0 0 0 0 0 0 0 0 0]
 [0 0 3 3 3 3 1 2 0]
 [0 0 3 0 0 2 0 0 0]
 [0 0 3 0 3 0 0 0 0]
 [0 0 3 3 3 3 0 0 0]
 [0 0 3 0 3 0 0 0 3]
 [0 0 0 0 0 0 0 0 0]
 [0 3 0 0 0 0 2 2 2]
 [0 0 2 0 0 3 0 2 2]]
 — — — — — — — — — — — — — — — — — — — — — -
Episode number 0 in 10 steps
Reward: 100

[[0 0 0 0 0 0 0 0 0]
 [0 0 3 3 3 3 3 1 0]
 [0 0 3 0 0 2 0 0 0]
 [0 0 3 0 3 0 0 0 0]
 [0 0 3 3 3 3 0 0 0]
 [0 0 3 0 3 0 0 0 3]
 [0 0 0 0 0 0 0 0 0]
 [0 3 0 0 0 0 2 2 2]
 [0 0 2 0 0 3 0 2 2]]
 — — — — — — — — — — — — — — — — — — — — — -
Episode number 0 in 11 steps
Reward: -1

[[0 0 0 0 0 0 0 0 0]
 [0 0 3 3 3 3 3 3 1]
 [0 0 3 0 0 2 0 0 0]
 [0 0 3 0 3 0 0 0 0]
 [0 0 3 3 3 3 0 0 0]
 [0 0 3 0 3 0 0 0 3]
 [0 0 0 0 0 0 0 0 0]
 [0 3 0 0 0 0 2 2 2]
 [0 0 2 0 0 3 0 2 2]]
 — — — — — — — — — — — — — — — — — — — — — -
Episode number 0 in 12 steps
Reward: -1

[[0 0 0 0 0 0 0 0 0]
 [0 0 3 3 3 3 3 3 3]
 [0 0 3 0 0 2 0 0 1]
 [0 0 3 0 3 0 0 0 0]
 [0 0 3 3 3 3 0 0 0]
 [0 0 3 0 3 0 0 0 3]
 [0 0 0 0 0 0 0 0 0]
 [0 3 0 0 0 0 2 2 2]
 [0 0 2 0 0 3 0 2 2]]
 — — — — — — — — — — — — — — — — — — — — — -
Episode number 0 in 13 steps
Reward: -1

[[0 0 0 0 0 0 0 0 0]
 [0 0 3 3 3 3 3 3 3]
 [0 0 3 0 0 2 0 0 3]
 [0 0 3 0 3 0 0 0 1]
 [0 0 3 3 3 3 0 0 0]
 [0 0 3 0 3 0 0 0 3]
 [0 0 0 0 0 0 0 0 0]
 [0 3 0 0 0 0 2 2 2]
 [0 0 2 0 0 3 0 2 2]]
 — — — — — — — — — — — — — — — — — — — — — -
Episode number 0 in 14 steps
Reward: -1

[[0 0 0 0 0 0 0 0 0]
 [0 0 3 3 3 3 3 3 3]
 [0 0 3 0 0 2 0 0 3]
 [0 0 3 0 3 0 0 0 3]
 [0 0 3 3 3 3 0 0 1]
 [0 0 3 0 3 0 0 0 3]
 [0 0 0 0 0 0 0 0 0]
 [0 3 0 0 0 0 2 2 2]
 [0 0 2 0 0 3 0 2 2]]
 — — — — — — — — — — — — — — — — — — — — — -
Episode number 0 in 15 steps
Reward: -100

[[0 0 0 0 0 0 0 0 0]
 [0 0 3 3 3 3 3 3 3]
 [0 0 3 0 0 2 0 0 3]
 [0 0 3 0 3 0 0 0 3]
 [0 0 3 3 3 3 0 0 3]
 [0 0 3 0 3 0 0 0 1]
 [0 0 0 0 0 0 0 0 0]
 [0 3 0 0 0 0 2 2 2]
 [0 0 2 0 0 3 0 2 2]]
 — — — — — — — — — — — — — — — — — — — — — -
Episode number 0 in 16 steps
Reward: -1

[[0 0 0 0 0 0 0 0 0]
 [0 0 3 3 3 3 3 3 3]
 [0 0 3 0 0 2 0 0 3]
 [0 0 3 0 3 0 0 0 3]
 [0 0 3 3 3 3 0 0 3]
 [0 0 3 0 3 0 0 0 3]
 [0 0 0 0 0 0 0 0 1]
 [0 3 0 0 0 0 2 2 2]
 [0 0 2 0 0 3 0 2 2]]
 — — — — — — — — — — — — — — — — — — — — — -
Episode number 0 in 17 steps
Reward: 100

[[0 0 0 0 0 0 0 0 0]
 [0 0 3 3 3 3 3 3 3]
 [0 0 3 0 0 2 0 0 3]
 [0 0 3 0 3 0 0 0 3]
 [0 0 3 3 3 3 0 0 3]
 [0 0 3 0 3 0 0 0 3]
 [0 0 0 0 0 0 0 0 3]
 [0 3 0 0 0 0 2 2 1]
 [0 0 2 0 0 3 0 2 2]]
 — — — — — — — — — — — — — — — — — — — — — -
Episode number 0 in 18 steps
Reward: 100

[[0 0 0 0 0 0 0 0 0]
 [0 0 3 3 3 3 3 3 3]
 [0 0 3 0 0 2 0 0 3]
 [0 0 3 0 3 0 0 0 3]
 [0 0 3 3 3 3 0 0 3]
 [0 0 3 0 3 0 0 0 3]
 [0 0 0 0 0 0 0 0 3]
 [0 3 0 0 0 0 2 1 3]
 [0 0 2 0 0 3 0 2 2]]
 — — — — — — — — — — — — — — — — — — — — — -
Episode number 0 in 19 steps
Reward: 100

[[0 0 0 0 0 0 0 0 0]
 [0 0 3 3 3 3 3 3 3]
 [0 0 3 0 0 2 0 0 3]
 [0 0 3 0 3 0 0 0 3]
 [0 0 3 3 3 3 0 0 3]
 [0 0 3 0 3 0 0 0 3]
 [0 0 0 0 0 0 0 0 3]
 [0 3 0 0 0 0 1 3 3]
 [0 0 2 0 0 3 0 2 2]]
 — — — — — — — — — — — — — — — — — — — — — -
Episode number 0 in 20 steps
Reward: -1

[[0 0 0 0 0 0 0 0 0]
 [0 0 3 3 3 3 3 3 3]
 [0 0 3 0 0 2 0 0 3]
 [0 0 3 0 3 0 0 0 3]
 [0 0 3 3 3 3 0 0 3]
 [0 0 3 0 3 0 0 0 3]
 [0 0 0 0 0 0 0 0 3]
 [0 3 0 0 0 1 3 3 3]
 [0 0 2 0 0 3 0 2 2]]
 — — — — — — — — — — — — — — — — — — — — — -
Episode number 0 in 21 steps
Reward: -1

[[0 0 0 0 0 0 0 0 0]
 [0 0 3 3 3 3 3 3 3]
 [0 0 3 0 0 2 0 0 3]
 [0 0 3 0 3 0 0 0 3]
 [0 0 3 3 3 3 0 0 3]
 [0 0 3 0 3 0 0 0 3]
 [0 0 0 0 0 0 0 0 3]
 [0 3 0 0 1 3 3 3 3]
 [0 0 2 0 0 3 0 2 2]]
 — — — — — — — — — — — — — — — — — — — — — -
Episode number 0 in 22 steps
Reward: -1

[[0 0 0 0 0 0 0 0 0]
 [0 0 3 3 3 3 3 3 3]
 [0 0 3 0 0 2 0 0 3]
 [0 0 3 0 3 0 0 0 3]
 [0 0 3 3 3 3 0 0 3]
 [0 0 3 0 3 0 0 0 3]
 [0 0 0 0 0 0 0 0 3]
 [0 3 0 0 3 3 3 3 3]
 [0 0 2 0 1 3 0 2 2]]
 — — — — — — — — — — — — — — — — — — — — — -
Episode number 0 in 23 steps
Reward: -1

[[0 0 0 0 0 0 0 0 0]
 [0 0 3 3 3 3 3 3 3]
 [0 0 3 0 0 2 0 0 3]
 [0 0 3 0 3 0 0 0 3]
 [0 0 3 3 3 3 0 0 3]
 [0 0 3 0 3 0 0 0 3]
 [0 0 0 0 0 0 0 0 3]
 [0 3 0 0 3 3 3 3 3]
 [0 0 2 1 3 3 0 2 2]]
 — — — — — — — — — — — — — — — — — — — — — -
Episode number 0 in 24 steps
Reward: 100

[[0 0 0 0 0 0 0 0 0]
 [0 0 3 3 3 3 3 3 3]
 [0 0 3 0 0 2 0 0 3]
 [0 0 3 0 3 0 0 0 3]
 [0 0 3 3 3 3 0 0 3]
 [0 0 3 0 3 0 0 0 3]
 [0 0 0 0 0 0 0 0 3]
 [0 3 0 0 3 3 3 3 3]
 [0 0 1 3 3 3 0 2 2]]
 — — — — — — — — — — — — — — — — — — — — — -
Episode number 0 in 25 steps
Reward: -1

[[0 0 0 0 0 0 0 0 0]
 [0 0 3 3 3 3 3 3 3]
 [0 0 3 0 0 2 0 0 3]
 [0 0 3 0 3 0 0 0 3]
 [0 0 3 3 3 3 0 0 3]
 [0 0 3 0 3 0 0 0 3]
 [0 0 0 0 0 0 0 0 3]
 [0 3 0 0 3 3 3 3 3]
 [0 1 3 3 3 3 0 2 2]]
 — — — — — — — — — — — — — — — — — — — — — -
Episode number 0 in 26 steps
Reward: -1

[[0 0 0 0 0 0 0 0 0]
 [0 0 3 3 3 3 3 3 3]
 [0 0 3 0 0 2 0 0 3]
 [0 0 3 0 3 0 0 0 3]
 [0 0 3 3 3 3 0 0 3]
 [0 0 3 0 3 0 0 0 3]
 [0 0 0 0 0 0 0 0 3]
 [0 3 0 0 3 3 3 3 3]
 [1 3 3 3 3 3 0 2 2]]
 — — — — — — — — — — — — — — — — — — — — — -
Episode number 0 in 27 steps
Reward: -1

[[0 0 0 0 0 0 0 0 0]
 [0 0 3 3 3 3 3 3 3]
 [0 0 3 0 0 2 0 0 3]
 [0 0 3 0 3 0 0 0 3]
 [0 0 3 3 3 3 0 0 3]
 [0 0 3 0 3 0 0 0 3]
 [0 0 0 0 0 0 0 0 3]
 [1 3 0 0 3 3 3 3 3]
 [3 3 3 3 3 3 0 2 2]]
 — — — — — — — — — — — — — — — — — — — — — -
Episode number 0 in 28 steps
Reward: -1

[[0 0 0 0 0 0 0 0 0]
 [0 0 3 3 3 3 3 3 3]
 [0 0 3 0 0 2 0 0 3]
 [0 0 3 0 3 0 0 0 3]
 [0 0 3 3 3 3 0 0 3]
 [0 0 3 0 3 0 0 0 3]
 [1 0 0 0 0 0 0 0 3]
 [3 3 0 0 3 3 3 3 3]
 [3 3 3 3 3 3 0 2 2]]
 — — — — — — — — — — — — — — — — — — — — — -
Episode number 0 in 29 steps
Reward: -1

[[0 0 0 0 0 0 0 0 0]
 [0 0 3 3 3 3 3 3 3]
 [0 0 3 0 0 2 0 0 3]
 [0 0 3 0 3 0 0 0 3]
 [0 0 3 3 3 3 0 0 3]
 [1 0 3 0 3 0 0 0 3]
 [3 0 0 0 0 0 0 0 3]
 [3 3 0 0 3 3 3 3 3]
 [3 3 3 3 3 3 0 2 2]]
 — — — — — — — — — — — — — — — — — — — — — -
Episode number 1 in 0 steps
Reward: -1

[[0 0 0 0 0 0 0 0 0]
 [0 0 0 0 0 0 0 2 0]
 [0 0 0 0 0 2 0 0 0]
 [0 0 0 0 3 0 0 0 0]
 [0 0 0 0 1 3 0 0 0]
 [0 0 3 0 3 0 0 0 3]
 [0 0 0 0 0 0 0 0 0]
 [0 3 0 0 0 0 2 2 2]
 [0 0 2 0 0 3 0 2 2]]
