0.5678147077560425,0.4102332890033722,0.5059337615966797,0.531330943107605,0.4053890109062195
0.606302797794342,0.38121551275253296,0.46540218591690063,0.5311185121536255,0.38309580087661743
0.6435152888298035,0.35302165150642395,0.42532244324684143,0.5309061408042908,0.36128363013267517
0.6790722012519836,0.3258150517940521,0.38620078563690186,0.5306937098503113,0.34002885222435
0.7126661539077759,0.29973381757736206,0.3484954833984375,0.5304812788963318,0.31939923763275146
0.5962286591529846,0.37957605719566345,0.5317853689193726,0.5659056305885315,0.37743210792541504
0.6338182091712952,0.3514345586299896,0.4912419617176056,0.565696120262146,0.3557564616203308
0.6698461771011353,0.3242889642715454,0.4508134722709656,0.5654865503311157,0.3346564769744873
0.7039848566055298,0.2982758581638336,0.4110241234302521,0.5652770400047302,0.3141976594924927
0.7359848618507385,0.27350476384162903,0.37236547470092773,0.5650674104690552,0.2944360375404358
0.6240115165710449,0.34985074400901794,0.5574674606323242,0.599850594997406,0.3502674996852875
0.6604874730110168,0.32276660203933716,0.517128586769104,0.5996458530426025,0.32932665944099426
0.6951534748077393,0.2968219518661499,0.47656533122062683,0.5994411110877991,0.3090422749519348
0.7277389168739319,0.2721247971057892,0.4363088309764862,0.5992363095283508,0.28946807980537415
0.7580536007881165,0.24875560402870178,0.3968745172023773,0.5990315079689026,0.2706480026245117
0.6510016918182373,0.32124799489974976,0.58284592628479,0.6328632235527039,0.32404038310050964
0.686176061630249,0.2953721582889557,0.5429236888885498,0.6326650977134705,0.3039340674877167
0.7193337082862854,0.27074918150901794,0.5024423599243164,0.6324668526649475,0.28455013036727905
0.7502630352973938,0.24745798110961914,0.4619290232658386,0.6322685480117798,0.2659301161766052
0.7788320183753967,0.22555068135261536,0.4219123423099518,0.6320702433586121,0.24810603260993958
0.6770570874214172,0.293926477432251,0.6077929139137268,0.6646748185157776,0.2988737225532532
0.7107721567153931,0.2693779468536377,0.5684906244277954,0.6644847393035889,0.27968284487724304
0.7423070073127747,0.24616491794586182,0.5283063650131226,0.6642945408821106,0.2612650692462921
0.7715088725090027,0.22433798015117645,0.48775190114974976,0.6641042828559875,0.24364988505840302
0.7983007431030273,0.203922837972641,0.44735807180404663,0.6639140248298645,0.22685760259628296
0.5671393871307373,0.3831348121166229,0.5265359878540039,0.5280085206031799,0.3646239936351776
0.6056458950042725,0.3548804521560669,0.485977441072464,0.5277959704399109,0.34327828884124756
0.6428838968276978,0.3276031017303467,0.445602685213089,0.5275834798812866,0.32254788279533386
0.6784723401069641,0.3014427423477173,0.40593332052230835,0.5273708701133728,0.30249273777008057
0.7121024131774902,0.2765122950077057,0.36745479702949524,0.5271583199501038,0.2831633388996124
0.5955661535263062,0.35328954458236694,0.552263617515564,0.5626266598701477,0.3378808796405792
0.6331794261932373,0.32607269287109375,0.5118657946586609,0.5624167323112488,0.31731894612312317
0.6692374348640442,0.2999800145626068,0.47131237387657166,0.5622068047523499,0.2974461317062378
0.7034112215042114,0.27512288093566895,0.43113410472869873,0.5619968771934509,0.2783105671405792
0.7354499101638794,0.2515852451324463,0.39184242486953735,0.561786949634552,0.25995051860809326
0.6233658194541931,0.3245459794998169,0.5777144432067871,0.5966452360153198,0.3121356666088104
0.6598702073097229,0.29852133989334106,0.5376906394958496,0.5964399576187134,0.2924484312534332
0.6945701241493225,0.2737378180027008,0.4971751272678375,0.5962346792221069,0.2735092043876648
0.7271934747695923,0.2502777576446533,0.45669665932655334,0.5960294008255005,0.2553538382053375
0.7575486898422241,0.22819654643535614,0.41678208112716675,0.5958239436149597,0.2380087822675705
0.6503763794898987,0.29706674814224243,0.6027591824531555,0.6297591328620911,0.2875003516674042
0.6855832934379578,0.27235710620880127,0.5633148550987244,0.6295602321624756,0.2687598168849945
0.7187779545783997,0.2489747852087021,0.523052990436554,0.6293612718582153,0.2508108615875244
0.7497472167015076,0.2269737422466278,0.48248934745788574,0.6291623711585999,0.23367756605148315
0.778357744216919,0.20638257265090942,0.4421551525592804,0.6289633512496948,0.21737506985664368
0.6764552593231201,0.2709807753562927,0.6272768378257751,0.6616958975791931,0.2640629708766937
0.710206151008606,0.24767641723155975,0.5886054039001465,0.6615049839019775,0.24632202088832855
0.7417803406715393,0.22575558722019196,0.548807680606842,0.6613139510154724,0.22940146923065186
0.7710235118865967,0.20524561405181885,0.5083756446838379,0.6611229181289673,0.21331427991390228
0.797857403755188,0.1861509531736374,0.4678336977958679,0.6609318256378174,0.19806523621082306
0.566463828086853,0.35674360394477844,0.5470482707023621,0.5246837139129639,0.3257127106189728
0.6049885749816895,0.32939618825912476,0.5066003203392029,0.5244710445404053,0.3055495619773865
0.6422520279884338,0.30315718054771423,0.46606573462486267,0.5242583155632019,0.2861049175262451
0.6778718829154968,0.2781413793563843,0.42597439885139465,0.5240455865859985,0.26742124557495117
0.7115380167961121,0.2544361352920532,0.386833131313324,0.5238328576087952,0.24953116476535797
0.594903290271759,0.3278614580631256,0.5725661516189575,0.559342086315155,0.3004739284515381
0.632540225982666,0.3016897141933441,0.5324493050575256,0.559131920337677,0.28122150897979736
0.6686281561851501,0.276746928691864,0.4919084906578064,0.5589216351509094,0.262739360332489
0.7028369307518005,0.2531188428401947,0.45147374272346497,0.5587114095687866,0.24505771696567535
0.7349143028259277,0.23086415231227875,0.41166985034942627,0.558501124382019,0.22819773852825165
0.6227196455001831,0.3002263009548187,0.5977035760879517,0.5934315919876099,0.2763891816139221
0.6592524647712708,0.27535679936408997,0.5581252574920654,0.5932258367538452,0.25811055302619934
0.693986177444458,0.2518061101436615,0.5177944898605347,0.5930200219154358,0.24063877761363983
0.7266473174095154,0.22963136434555054,0.4772305488586426,0.5928141474723816,0.22399257123470306
0.7570429444313049,0.208864226937294,0.4369647800922394,0.5926082730293274,0.2081822156906128
0.6497505307197571,0.27397099137306213,0.6223377585411072,0.6266442537307739,0.25353527069091797
0.6849899291992188,0.25049784779548645,0.5834941267967224,0.6264446973800659,0.23627454042434692
0.7182214260101318,0.22840315103530884,0.5435853600502014,0.6262450814247131,0.2198428511619568
0.7492306232452393,0.2077171504497528,0.5031090378761292,0.6260454058647156,0.20424829423427582
0.7778827548027039,0.18844708800315857,0.46259188652038574,0.625845730304718,0.18949125707149506
0.6758528351783752,0.24919413030147552,0.6463559865951538,0.6587040424346924,0.2319653183221817
0.7096396088600159,0.22717955708503723,0.608428418636322,0.65851229429245,0.2157486081123352
0.7412530183792114,0.2065747231245041,0.5691446661949158,0.6583204865455627,0.2003699094057083
0.7705373764038086,0.18738557398319244,0.5289708375930786,0.6581286191940308,0.18582762777805328
0.7974133491516113,0.16959792375564575,0.48841819167137146,0.6579367518424988,0.17211365699768066
0.5657880306243896,0.3311942219734192,0.5674020648002625,0.5213567614555359,0.28906476497650146
0.6043309569358826,0.3048771023750305,0.5272006988525391,0.5211438536643982,0.2702609598636627
0.6416196227073669,0.279776394367218,0.48664355278015137,0.52093106508255,0.25224635004997253
0.677270770072937,0.2559812068939209,0.44626161456108093,0.5207182168960571,0.23504574596881866
0.7109730243682861,0.23355354368686676,0.40657657384872437,0.5205053687095642,0.21867503225803375
0.5942400693893433,0.30340495705604553,0.5926271080970764,0.5560524463653564,0.26554739475250244
0.6319004893302917,0.27837690711021423,0.5529229044914246,0.5558419227600098,0.2477402538061142
0.6680182814598083,0.25465866923332214,0.5125320553779602,0.5556313395500183,0.2307521402835846
0.7022619843482971,0.2323107123374939,0.4719769060611725,0.5554206967353821,0.21459658443927765
0.7343779802322388,0.21136774122714996,0.43178826570510864,0.5552101731300354,0.19927911460399628
0.6220730543136597,0.2769817113876343,0.6173731088638306,0.5902100205421448,0.2432885617017746
0.6586341857910156,0.25334060192108154,0.578364908695221,0.5900036692619324,0.22651372849941254
0.693401575088501,0.23107244074344635,0.538353443145752,0.5897973775863647,0.2105737030506134
0.726100504398346,0.21021056175231934,0.4978417754173279,0.5895910263061523,0.19547192752361298
0.756536602973938,0.1907648891210556,0.45735839009284973,0.5893846750259399,0.18120458722114563
0.6491241455078125,0.25202706456184387,0.6415253281593323,0.6235188245773315,0.22233068943023682
0.6843960285186768,0.22983883321285248,0.6033974885940552,0.623318612575531,0.20660637319087982
0.717664361000061,0.20905804634094238,0.563970685005188,0.6231182813644409,0.19172000885009766
0.7487134337425232,0.1896933615207672,0.5237181782722473,0.6229180097579956,0.1776660531759262
0.7774069905281067,0.17173294723033905,0.48315519094467163,0.6227176189422607,0.16443271934986115
0.6752498149871826,0.2286098450422287,0.6649801731109619,0.6556995511054993,0.2026946246623993
0.7090724110603333,0.2079102098941803,0.6279000639915466,0.65550696849823,0.18802328407764435
0.740725040435791,0.1886264979839325,0.5892509818077087,0.6553143858909607,0.17418192327022552
0.7700506448745728,0.17074580490589142,0.549467921257019,0.6551216840744019,0.1611572653055191
0.7969684600830078,0.15423786640167236,0.5090420842170715,0.654928982257843,0.1489308923482895
0.5651120543479919,0.30660247802734375,0.587530791759491,0.5180277824401855,0.25498101115226746
0.6036728620529175,0.28141725063323975,0.5477089881896973,0.5178148746490479,0.23765318095684052
0.6409868001937866,0.25753238797187805,0.5072668790817261,0.5176019072532654,0.2211534082889557
0.676669180393219,0.2350117713212967,0.46672940254211426,0.5173889398574829,0.2054903656244278
0.7104073762893677,0.21389317512512207,0.4266265630722046,0.5171759724617004,0.19066506624221802
0.5935765504837036,0.28001272678375244,0.6123839616775513,0.5527577996253967,0.2333264797925949
0.631260335445404,0.2562045753002167,0.5732186436653137,0.5525469779968262,0.21704155206680298
0.6674078702926636,0.23376353085041046,0.5331130623817444,0.5523360967636108,0.20159436762332916
0.701686441898346,0.21272589266300201,0.4925749897956848,0.5521252155303955,0.18698401749134064
0.7338409423828125,0.19310440123081207,0.45213425159454346,0.5519143342971802,0.17320282757282257
0.6214260458946228,0.2548812925815582,0.6366656422615051,0.5869805812835693,0.21298529207706451
0.6580153107643127,0.23251986503601074,0.5983445644378662,0.5867737531661987,0.19775384664535522
0.6928163766860962,0.21156328916549683,0.5587827563285828,0.5865669846534729,0.18335792422294617
0.725553035736084,0.1920228898525238,0.5184603333473206,0.5863601565361023,0.1697881668806076
0.7560294270515442,0.17388920485973358,0.4778958857059479,0.5861532688140869,0.15702958405017853
0.6484972834587097,0.2312808632850647,0.6602701544761658,0.6203830242156982,0.1939687281847
0.6838014125823975,0.21040533483028412,0.6229643225669861,0.6201821565628052,0.1797865778207779
0.7171065807342529,0.19094596803188324,0.5841420888900757,0.6199812293052673,0.16642726957798004
0.748195469379425,0.1728922575712204,0.5442469120025635,0.6197803020477295,0.15387441217899323
0.776930570602417,0.15621589124202728,0.5037757158279419,0.6195793151855469,0.14210695028305054
0.6746461987495422,0.2092519998550415,0.683104395866394,0.6526826024055481,0.1762697845697403
0.7085045576095581,0.18987368047237396,0.6469653248786926,0.652489185333252,0.1631198227405548
0.7401962876319885,0.17189981043338776,0.6090635657310486,0.6522957682609558,0.15077131986618042
0.7695630788803101,0.15530121326446533,0.569798469543457,0.6521023511886597,0.13920213282108307
0.7965229153633118,0.14003433287143707,0.5296352505683899,0.651908814907074,0.1283864825963974
0,0,0,0,0
0,0,0,0,0
0,0,0,0,0
0,0,0,0,0
0,0,0,0,0
0,0,0,0,0
0,0,0,0,0
0,0,0,0,0
0,0,0,0,0
0,0,0,0,0
0,0,0,0,0
0,0,0,0,0
0,0,0,0,0
0,0,0,0,0
0,0,0,0,0
0,0,0,0,0
0,0,0,0,0
0,0,0,0,0
0,0,0,0,0
0,0,0,0,0
0,0,0,0,0
0,0,0,0,0
0,0,0,0,0
0,0,0,0,0
0,0,0,0,0
0,0,0,0,0
0,0,0,0,0
0,0,0,0,0
0,0,0,0,0
0,0,0,0,0
0,0,0,0,0
0,0,0,0,0
0,0,0,0,0
0,0,0,0,0
0,0,0,0,0
0,0,0,0,0
0,0,0,0,0
0,0,0,0,0
0,0,0,0,0
0,0,0,0,0
0,0,0,0,0
0,0,0,0,0
0,0,0,0,0
0,0,0,0,0
0,0,0,0,0
0,0,0,0,0
0,0,0,0,0
0,0,0,0,0
0,0,0,0,0
0,0,0,0,0
0,0,0,0,0
0,0,0,0,0
0,0,0,0,0
0,0,0,0,0
0,0,0,0,0
0,0,0,0,0
0,0,0,0,0
0,0,0,0,0
0,0,0,0,0
0,0,0,0,0
0,0,0,0,0
0,0,0,0,0
0,0,0,0,0
0,0,0,0,0
0,0,0,0,0
0,0,0,0,0
0,0,0,0,0
0,0,0,0,0
0,0,0,0,0
0,0,0,0,0
0,0,0,0,0
0,0,0,0,0
0,0,0,0,0
0,0,0,0,0
0,0,0,0,0
0,0,0,0,0
0,0,0,0,0
0,0,0,0,0
0,0,0,0,0
0,0,0,0,0
0,0,0,0,0
0,0,0,0,0
0,0,0,0,0
0,0,0,0,0
0,0,0,0,0
0,0,0,0,0
0,0,0,0,0
0,0,0,0,0
0,0,0,0,0
0,0,0,0,0
0,0,0,0,0
0,0,0,0,0
0,0,0,0,0
0,0,0,0,0
0,0,0,0,0
0,0,0,0,0
0,0,0,0,0
0,0,0,0,0
0,0,0,0,0
0,0,0,0,0
0,0,0,0,0
0,0,0,0,0
0,0,0,0,0
0,0,0,0,0
0,0,0,0,0
0,0,0,0,0
0,0,0,0,0
0,0,0,0,0
0,0,0,0,0
0,0,0,0,0
0,0,0,0,0
0,0,0,0,0
0,0,0,0,0
0,0,0,0,0
0,0,0,0,0
0,0,0,0,0
0,0,0,0,0
0,0,0,0,0
0,0,0,0,0
0,0,0,0,0
0,0,0,0,0
0,0,0,0,0
0,0,0,0,0
0,0,0,0,0
0,0,0,0,0
0,0,0,0,0
0,0,0,0,0
0,0,0,0,0
0,0,0,0,0
0,0,0,0,0
0,0,0,0,0
0,0,0,0,0
0,0,0,0,0
0,0,0,0,0
0,0,0,0,0
0,0,0,0,0
0,0,0,0,0
0,0,0,0,0
0,0,0,0,0
0,0,0,0,0
0,0,0,0,0
0,0,0,0,0
0,0,0,0,0
0,0,0,0,0
0,0,0,0,0
0,0,0,0,0
0,0,0,0,0
0,0,0,0,0
0,0,0,0,0
0,0,0,0,0
0,0,0,0,0
0,0,0,0,0
0,0,0,0,0
0,0,0,0,0
0,0,0,0,0
0,0,0,0,0
0,0,0,0,0
0,0,0,0,0
0,0,0,0,0
0,0,0,0,0
0,0,0,0,0
0,0,0,0,0
0,0,0,0,0
0,0,0,0,0
0,0,0,0,0
0,0,0,0,0
0,0,0,0,0
0,0,0,0,0
0,0,0,0,0
0,0,0,0,0
0,0,0,0,0
0,0,0,0,0
0,0,0,0,0
0,0,0,0,0
0,0,0,0,0
0,0,0,0,0
0,0,0,0,0
0,0,0,0,0
0,0,0,0,0
0,0,0,0,0
0,0,0,0,0
0,0,0,0,0
0,0,0,0,0
0,0,0,0,0
0,0,0,0,0
0,0,0,0,0
0,0,0,0,0
0,0,0,0,0
0,0,0,0,0
0,0,0,0,0
0,0,0,0,0
0,0,0,0,0
0,0,0,0,0
0,0,0,0,0
0,0,0,0,0
0,0,0,0,0
0,0,0,0,0
0,0,0,0,0
0,0,0,0,0
0,0,0,0,0
0,0,0,0,0
0,0,0,0,0
0,0,0,0,0
0,0,0,0,0
0,0,0,0,0
0,0,0,0,0
0,0,0,0,0
0,0,0,0,0
0,0,0,0,0
0,0,0,0,0
0,0,0,0,0
0,0,0,0,0
0,0,0,0,0
0,0,0,0,0
0,0,0,0,0
0,0,0,0,0
0,0,0,0,0
0,0,0,0,0
0,0,0,0,0
0,0,0,0,0
0,0,0,0,0
0,0,0,0,0
0,0,0,0,0
0,0,0,0,0
0,0,0,0,0
0,0,0,0,0
0,0,0,0,0
0,0,0,0,0
0,0,0,0,0
0,0,0,0,0
0,0,0,0,0
0,0,0,0,0
0,0,0,0,0
0,0,0,0,0
0,0,0,0,0
0,0,0,0,0
0,0,0,0,0
0,0,0,0,0
0,0,0,0,0
0,0,0,0,0
0,0,0,0,0
0,0,0,0,0
0,0,0,0,0
0,0,0,0,0
0,0,0,0,0
0,0,0,0,0
0,0,0,0,0
0,0,0,0,0
0,0,0,0,0
0,0,0,0,0
0,0,0,0,0
0,0,0,0,0
0,0,0,0,0
0,0,0,0,0
0,0,0,0,0
0,0,0,0,0
0,0,0,0,0
0,0,0,0,0
0,0,0,0,0
0,0,0,0,0
0,0,0,0,0
0,0,0,0,0
0,0,0,0,0
0,0,0,0,0
0,0,0,0,0
0,0,0,0,0
0,0,0,0,0
0,0,0,0,0
0,0,0,0,0
0,0,0,0,0
0,0,0,0,0
0,0,0,0,0
0,0,0,0,0
0,0,0,0,0
0,0,0,0,0
0,0,0,0,0
0,0,0,0,0
0,0,0,0,0
0,0,0,0,0
0,0,0,0,0
0,0,0,0,0
0,0,0,0,0
0,0,0,0,0
0,0,0,0,0
0,0,0,0,0
0,0,0,0,0
0,0,0,0,0
0,0,0,0,0
0,0,0,0,0
0,0,0,0,0
0,0,0,0,0
0,0,0,0,0
0,0,0,0,0
0,0,0,0,0
0,0,0,0,0
0,0,0,0,0
0,0,0,0,0
0,0,0,0,0
0,0,0,0,0
0,0,0,0,0
0,0,0,0,0
0,0,0,0,0
0,0,0,0,0
0,0,0,0,0
0,0,0,0,0
0,0,0,0,0
0,0,0,0,0
0,0,0,0,0
0,0,0,0,0
0,0,0,0,0
0,0,0,0,0
0,0,0,0,0
0,0,0,0,0
0,0,0,0,0
0,0,0,0,0
0,0,0,0,0
0,0,0,0,0
0,0,0,0,0
0,0,0,0,0
0,0,0,0,0
0,0,0,0,0
0,0,0,0,0
0,0,0,0,0
0,0,0,0,0
0,0,0,0,0
0,0,0,0,0
0,0,0,0,0
0,0,0,0,0
0,0,0,0,0
0,0,0,0,0
0,0,0,0,0
0,0,0,0,0
0,0,0,0,0
0,0,0,0,0
0,0,0,0,0
0,0,0,0,0
0,0,0,0,0
0,0,0,0,0
0,0,0,0,0
0,0,0,0,0
0,0,0,0,0
0,0,0,0,0
0,0,0,0,0
0,0,0,0,0
0,0,0,0,0
0,0,0,0,0
0,0,0,0,0
0,0,0,0,0
0,0,0,0,0
0,0,0,0,0
0,0,0,0,0
0,0,0,0,0
0,0,0,0,0
0,0,0,0,0
0,0,0,0,0
0,0,0,0,0
0,0,0,0,0
0,0,0,0,0
0,0,0,0,0
0,0,0,0,0
0,0,0,0,0
0,0,0,0,0
0,0,0,0,0
0,0,0,0,0
0,0,0,0,0
0,0,0,0,0
0,0,0,0,0
0,0,0,0,0
0,0,0,0,0
0,0,0,0,0
0,0,0,0,0
0,0,0,0,0
0,0,0,0,0
0,0,0,0,0
0,0,0,0,0
0,0,0,0,0
0,0,0,0,0
0,0,0,0,0
0,0,0,0,0
0,0,0,0,0
0,0,0,0,0
0,0,0,0,0
0,0,0,0,0
0,0,0,0,0
0,0,0,0,0
0,0,0,0,0
0,0,0,0,0
0,0,0,0,0
0,0,0,0,0
0,0,0,0,0
0,0,0,0,0
0,0,0,0,0
0,0,0,0,0
0,0,0,0,0
0,0,0,0,0
0,0,0,0,0
0,0,0,0,0
0,0,0,0,0
0,0,0,0,0
0,0,0,0,0
0,0,0,0,0
0,0,0,0,0
0,0,0,0,0
0,0,0,0,0
0,0,0,0,0
0,0,0,0,0
0,0,0,0,0
0,0,0,0,0
0,0,0,0,0
0,0,0,0,0
0,0,0,0,0
0,0,0,0,0
0,0,0,0,0
0,0,0,0,0
0,0,0,0,0
0,0,0,0,0
0,0,0,0,0
0,0,0,0,0
0,0,0,0,0
0,0,0,0,0
0,0,0,0,0
0,0,0,0,0
0,0,0,0,0
0,0,0,0,0
0,0,0,0,0
0,0,0,0,0
0,0,0,0,0
0,0,0,0,0
0,0,0,0,0
0,0,0,0,0
0,0,0,0,0
0,0,0,0,0
0,0,0,0,0
0,0,0,0,0
0,0,0,0,0
0,0,0,0,0
0,0,0,0,0
0,0,0,0,0
0,0,0,0,0
0,0,0,0,0
0,0,0,0,0
0,0,0,0,0
0,0,0,0,0
0,0,0,0,0
0,0,0,0,0
0,0,0,0,0
0,0,0,0,0
0,0,0,0,0
0,0,0,0,0
0,0,0,0,0
0,0,0,0,0
0,0,0,0,0
0,0,0,0,0
0,0,0,0,0
0,0,0,0,0
0,0,0,0,0
0,0,0,0,0
0,0,0,0,0
0,0,0,0,0
0,0,0,0,0
0,0,0,0,0
0,0,0,0,0
0,0,0,0,0
0,0,0,0,0
0,0,0,0,0
0,0,0,0,0
0,0,0,0,0
0,0,0,0,0
0,0,0,0,0
0,0,0,0,0
0,0,0,0,0
0,0,0,0,0
0,0,0,0,0
0,0,0,0,0
0,0,0,0,0
0,0,0,0,0
0,0,0,0,0
0,0,0,0,0
0,0,0,0,0
0,0,0,0,0
0,0,0,0,0
0,0,0,0,0
0,0,0,0,0
0,0,0,0,0
0,0,0,0,0
0,0,0,0,0
0,0,0,0,0
0,0,0,0,0
0,0,0,0,0
0,0,0,0,0
0,0,0,0,0
0,0,0,0,0
0,0,0,0,0
0,0,0,0,0
0,0,0,0,0
0,0,0,0,0
0,0,0,0,0
0,0,0,0,0
0,0,0,0,0
0,0,0,0,0
0,0,0,0,0
0,0,0,0,0
0,0,0,0,0
0,0,0,0,0
0,0,0,0,0
0,0,0,0,0
0,0,0,0,0
0,0,0,0,0
0,0,0,0,0
0,0,0,0,0
0,0,0,0,0
0,0,0,0,0
0,0,0,0,0
0,0,0,0,0
0,0,0,0,0
0,0,0,0,0
0,0,0,0,0
0,0,0,0,0
0,0,0,0,0
0,0,0,0,0
0,0,0,0,0
0,0,0,0,0
0,0,0,0,0
0,0,0,0,0
0,0,0,0,0
0,0,0,0,0
0,0,0,0,0
0,0,0,0,0
0,0,0,0,0
0,0,0,0,0
0,0,0,0,0
0,0,0,0,0
0,0,0,0,0
0,0,0,0,0
0,0,0,0,0
0,0,0,0,0
0,0,0,0,0
0,0,0,0,0
0,0,0,0,0
0,0,0,0,0
0,0,0,0,0
0,0,0,0,0
0,0,0,0,0
0,0,0,0,0
0,0,0,0,0
0,0,0,0,0
0,0,0,0,0
0,0,0,0,0
0,0,0,0,0
0,0,0,0,0
0,0,0,0,0
0,0,0,0,0
0,0,0,0,0
0,0,0,0,0
0,0,0,0,0
0,0,0,0,0
0,0,0,0,0
0,0,0,0,0
0,0,0,0,0
0,0,0,0,0
0,0,0,0,0
0,0,0,0,0
0,0,0,0,0
0,0,0,0,0
0,0,0,0,0
0,0,0,0,0
0,0,0,0,0
0,0,0,0,0
0,0,0,0,0
0,0,0,0,0
0,0,0,0,0
0,0,0,0,0
0,0,0,0,0
0,0,0,0,0
0,0,0,0,0
0,0,0,0,0
0,0,0,0,0
0,0,0,0,0
0,0,0,0,0
0,0,0,0,0
0,0,0,0,0
0,0,0,0,0
0,0,0,0,0
0,0,0,0,0
0,0,0,0,0
0,0,0,0,0
0,0,0,0,0
0,0,0,0,0
0,0,0,0,0
0,0,0,0,0
0,0,0,0,0
0,0,0,0,0
0,0,0,0,0
0,0,0,0,0
0,0,0,0,0
0,0,0,0,0
0,0,0,0,0
0,0,0,0,0
0,0,0,0,0
0,0,0,0,0
0,0,0,0,0
0,0,0,0,0
0,0,0,0,0
0,0,0,0,0
0,0,0,0,0
0,0,0,0,0
0,0,0,0,0
0,0,0,0,0
0,0,0,0,0
0,0,0,0,0
0,0,0,0,0
0,0,0,0,0
0,0,0,0,0
0,0,0,0,0
0,0,0,0,0
0,0,0,0,0
0,0,0,0,0
0,0,0,0,0
0,0,0,0,0
0,0,0,0,0
0,0,0,0,0
0,0,0,0,0
0,0,0,0,0
0,0,0,0,0
0,0,0,0,0
0,0,0,0,0
0,0,0,0,0
0,0,0,0,0
0,0,0,0,0
0,0,0,0,0
0,0,0,0,0
0,0,0,0,0
0,0,0,0,0
0,0,0,0,0
0,0,0,0,0
0,0,0,0,0
0,0,0,0,0
0,0,0,0,0
0,0,0,0,0
0,0,0,0,0
0,0,0,0,0
0,0,0,0,0
0,0,0,0,0
0,0,0,0,0
0,0,0,0,0
0,0,0,0,0
0,0,0,0,0
0,0,0,0,0
0,0,0,0,0
0,0,0,0,0
0,0,0,0,0
0,0,0,0,0
0,0,0,0,0
0,0,0,0,0
0,0,0,0,0
0,0,0,0,0
0,0,0,0,0
0,0,0,0,0
0,0,0,0,0
0,0,0,0,0
0,0,0,0,0
0,0,0,0,0
0,0,0,0,0
0,0,0,0,0
0,0,0,0,0
0,0,0,0,0
0,0,0,0,0
0,0,0,0,0
0,0,0,0,0
0,0,0,0,0
0,0,0,0,0
0,0,0,0,0
0,0,0,0,0
0,0,0,0,0
0,0,0,0,0
0,0,0,0,0
0,0,0,0,0
0,0,0,0,0
0,0,0,0,0
0,0,0,0,0
0,0,0,0,0
0,0,0,0,0
0,0,0,0,0
0,0,0,0,0
0,0,0,0,0
0,0,0,0,0
0,0,0,0,0
0,0,0,0,0
0,0,0,0,0
0,0,0,0,0
0,0,0,0,0
0,0,0,0,0
0,0,0,0,0
0,0,0,0,0
0,0,0,0,0
0,0,0,0,0
0,0,0,0,0
0,0,0,0,0
0,0,0,0,0
0,0,0,0,0
0,0,0,0,0
0,0,0,0,0
0,0,0,0,0
0,0,0,0,0
0,0,0,0,0
0,0,0,0,0
0,0,0,0,0
0,0,0,0,0
0,0,0,0,0
0,0,0,0,0
0,0,0,0,0
0,0,0,0,0
0,0,0,0,0
0,0,0,0,0
0,0,0,0,0
0,0,0,0,0
0,0,0,0,0
0,0,0,0,0
0,0,0,0,0
0,0,0,0,0
0,0,0,0,0
0,0,0,0,0
0,0,0,0,0
0,0,0,0,0
0,0,0,0,0
0,0,0,0,0
0,0,0,0,0
0,0,0,0,0
0,0,0,0,0
0,0,0,0,0
0,0,0,0,0
0,0,0,0,0
0,0,0,0,0
0,0,0,0,0
0,0,0,0,0
0,0,0,0,0
0,0,0,0,0
0,0,0,0,0
0,0,0,0,0
0,0,0,0,0
0,0,0,0,0
0,0,0,0,0
0,0,0,0,0
0,0,0,0,0
0,0,0,0,0
0,0,0,0,0
0,0,0,0,0
0,0,0,0,0
0,0,0,0,0
0,0,0,0,0
0,0,0,0,0
0,0,0,0,0
0,0,0,0,0
0,0,0,0,0
0,0,0,0,0
0,0,0,0,0
0,0,0,0,0
0,0,0,0,0
0,0,0,0,0
0,0,0,0,0
0,0,0,0,0
0,0,0,0,0
0,0,0,0,0
0,0,0,0,0
0,0,0,0,0
0,0,0,0,0
0,0,0,0,0
0,0,0,0,0
0,0,0,0,0
0,0,0,0,0
0,0,0,0,0
0,0,0,0,0
0,0,0,0,0
0,0,0,0,0
0,0,0,0,0
0,0,0,0,0
0,0,0,0,0
0,0,0,0,0
0,0,0,0,0
0,0,0,0,0
0,0,0,0,0
0,0,0,0,0
0,0,0,0,0
0,0,0,0,0
0,0,0,0,0
0,0,0,0,0
0,0,0,0,0
0,0,0,0,0
0,0,0,0,0
0,0,0,0,0
0,0,0,0,0
0,0,0,0,0
0,0,0,0,0
0,0,0,0,0
0,0,0,0,0
0,0,0,0,0
0,0,0,0,0
0,0,0,0,0
0,0,0,0,0
0,0,0,0,0
0,0,0,0,0
0,0,0,0,0
0,0,0,0,0
0,0,0,0,0
0,0,0,0,0
0,0,0,0,0
0,0,0,0,0
0,0,0,0,0
0,0,0,0,0
0,0,0,0,0
0,0,0,0,0
0,0,0,0,0
0,0,0,0,0
0,0,0,0,0
0,0,0,0,0
0,0,0,0,0
0,0,0,0,0
0,0,0,0,0
0,0,0,0,0
0,0,0,0,0
0,0,0,0,0
0,0,0,0,0
0,0,0,0,0
0,0,0,0,0
0,0,0,0,0
0,0,0,0,0
0,0,0,0,0
0,0,0,0,0
0,0,0,0,0
0,0,0,0,0
0,0,0,0,0
0,0,0,0,0
0,0,0,0,0
0,0,0,0,0
0,0,0,0,0
0,0,0,0,0
0,0,0,0,0
0,0,0,0,0
0,0,0,0,0
0,0,0,0,0
0,0,0,0,0
0,0,0,0,0
0,0,0,0,0
0,0,0,0,0
0,0,0,0,0
0,0,0,0,0
0,0,0,0,0
0,0,0,0,0
0,0,0,0,0
0,0,0,0,0
0,0,0,0,0
0,0,0,0,0
0,0,0,0,0
0,0,0,0,0
0,0,0,0,0
0,0,0,0,0
0,0,0,0,0
0,0,0,0,0
0,0,0,0,0
0,0,0,0,0
0,0,0,0,0
0,0,0,0,0
0,0,0,0,0
0,0,0,0,0
0,0,0,0,0
0,0,0,0,0
0,0,0,0,0
0,0,0,0,0
0,0,0,0,0
0,0,0,0,0
0,0,0,0,0
0,0,0,0,0
0,0,0,0,0
0,0,0,0,0
0,0,0,0,0
